EM: 0.001996
METEOR: 0.002536
