EM: 0.001497
METEOR: 0.001679
