EM: 0.002828
METEOR: 0.003447
