EM: 0.001830
METEOR: 0.003227
