EM: 0.002163
METEOR: 0.003489
