EM: 0.004032
METEOR: 0.004032
