EM: 0.002016
METEOR: 0.002016
