EM: 0.006048
METEOR: 0.006048
