EM: 0.026210
METEOR: 0.026210
