EM: 0.016129
METEOR: 0.016129
