EM: 0.014113
METEOR: 0.014113
