EM: 0.018145
METEOR: 0.018145
