EM: 0.000666
METEOR: 0.000666
