EM: 0.489022
METEOR: 0.517139
