EM: 0.015968
METEOR: 0.025958
