EM: 0.484365
METEOR: 0.506204
