EM: 0.481038
METEOR: 0.506785
