EM: 0.001165
METEOR: 0.001353
