EM: 0.000998
METEOR: 0.001263
