EM: 0.000832
METEOR: 0.001027
