EM: 0.473054
METEOR: 0.503810
